,014028009X,014029628X,034538475X,043935806X,044021145X,044022165X,044023722X,044651652X,059035342X,067976402X,068484267X,068484477X,080410526X,1400031354,1400034779,140067477,140298479,142001740,1558744150,156027321,312195516,312278586,312924585,312966970,312976275,312980140,312983271,312983867,316096199,316601950,316666343,316769487,316776963,345313860,345337662,345339681,345342968,345350499,345361792,345370775,345378490,375706771,375726403,375727345,380002930,380018179,380718340,380789035,380813815,385335482,385484518,385492081,385504209,385722206,399501487,439064864,439064872,439136350,439136369,439139597,440206154,440211727,440213525,440214041,440220602,440221471,440224675,440224764,440225701,440226430,440234743,440498058,440998050,446310786,446605239,446606812,446610038,446672211,449212602,451156609,451167317,451172817,451176464,451184963,452282152,553250426,553268880,553279912,553280341,553280368,553572997,590353403,60392452,60928336,60934417,60938455,60976845,609804138,60987103,61009059,64407667,671001795,671003755,671027360,671041789,679781587,743418174,786868716,804106304,805063897,842329129,971880107
014028009X,1.000000,0.090457,0.000000,-0.955511,-0.321353,0.000000,-0.188963,-0.558852,0.193226,0.721767,0.000000,-0.455946,-0.724878,0.379724,-0.766319,-0.279526,0.356205,0.000000,0.000000,0.000000,-0.925619,0.073456,-0.781853,-0.995776,0.000000,-0.495284,0.000000,-0.509225,0.259760,-0.052445,-0.025052,0.000000,-0.730030,0.000000,-0.214904,0.000000,0.000000,0.000000,0.740755,0.683937,0.000000,-0.544333,-0.990108,-0.908217,0.000000,0.199125,0.445265,0.000000,0.000000,0.684437,0.290582,0.000000,-0.413928,0.827384,0.000000,0.473059,0.800852,-1.000000,0.309503,0.256096,-0.642356,-0.781853,0.117741,-0.294027,-0.690835,-0.039344,0.030099,0.000000,0.000000,0.440914,0.000000,1.000000,0.000000,0.678749,0.000000,0.000000,-0.381919,0.000000,0.059973,0.000000,0.000000,-0.941760,0.000000,0.000000,0.581707,0.053916,0.000000,-0.791006,0.000000,-0.342517,0.000000,1.000000,1.000000,0.384772,0.000000,0.000000,0.138702,0.889254,0.494297,1.000000,-0.094199,0.000000,0.000000,0.541769,-0.261459,0.725888,-0.846506,0.831413,0.000000,0.000000,0.000000,0.580312
014029628X,0.090457,1.000000,-0.263681,0.000000,0.000000,0.000000,0.116626,0.000000,0.000000,0.000000,0.000000,0.702638,0.267924,-0.953648,0.691244,-0.483858,0.000000,0.799813,0.000000,0.000000,-0.357221,0.000000,0.000000,1.000000,0.000000,0.000000,0.000000,0.000000,-0.900941,0.496380,0.858873,0.000000,0.684357,-0.999826,0.794028,0.000000,0.000000,0.000000,-0.908574,-0.631585,0.000000,0.999010,1.000000,-0.686128,-0.112011,0.000000,-0.053732,0.000000,0.834633,0.000000,-0.960086,0.000000,-0.767480,-0.658246,0.000000,-0.688228,-0.195815,0.000000,0.000000,-0.953648,0.000000,0.000000,0.230466,0.000000,0.000000,-0.710067,0.000000,0.000000,0.000000,0.287610,-0.987336,-0.464513,-0.998717,0.000000,0.917457,0.000000,-0.662609,0.409175,-0.357577,0.000000,0.000000,0.000000,0.000000,0.000000,0.835832,-0.128185,-0.978591,0.000000,0.000000,-0.000976,0.961055,-0.631236,0.000000,0.693522,0.000000,0.000000,-0.147472,-0.674443,0.628218,-0.821897,0.648596,0.000000,0.000000,0.000000,0.000000,-0.748832,-0.650103,-0.785472,-0.015621,-0.139962,0.000000,0.098421
034538475X,0.000000,-0.263681,1.000000,0.000000,0.382436,-1.000000,0.000000,0.000000,0.217790,-0.316947,0.000000,0.000000,0.858698,0.000000,0.000000,-0.171806,0.000000,0.000000,0.000000,0.000000,0.000000,0.939550,-0.754763,0.944443,-0.982002,0.000000,0.000000,0.917172,0.376173,0.000000,0.000000,0.959162,0.000000,-0.239147,-0.271531,0.000000,0.000000,0.000000,-0.663385,-0.459635,0.000000,1.000000,0.000000,1.000000,0.848344,0.120620,0.000000,0.000000,0.000000,0.000000,0.000000,0.000000,-0.996028,0.000000,0.000000,-0.448996,0.000000,0.253129,0.000000,-0.576230,0.000000,0.846907,0.993804,0.871398,-1.000000,-0.884657,-0.929754,0.000000,0.000000,-0.181983,-0.989712,0.000000,0.000000,0.000000,0.000000,0.000000,0.000000,0.000000,-0.998984,0.908760,0.721375,-0.999813,0.692456,-1.000000,0.000000,-0.878124,-0.785526,0.000000,0.000000,-0.776822,0.013164,0.329995,0.000000,0.000000,0.000000,0.000000,0.000000,-0.987860,0.000000,-0.459635,0.586988,-0.911285,0.000000,-0.833406,-0.300864,0.000000,0.000000,0.000000,0.000000,0.000000,0.000000,0.000000
043935806X,-0.955511,0.000000,0.000000,1.000000,0.612487,0.000000,0.906183,0.000000,-0.524980,0.921894,0.000000,-0.906183,0.000000,0.000000,0.000000,1.000000,0.000000,0.000000,0.000000,0.000000,0.056759,0.711294,-0.136750,0.000000,-0.897507,0.000000,1.000000,0.000000,0.000000,0.000000,-0.091178,-0.803478,0.852458,0.000000,0.658226,0.000000,-0.280966,0.120331,-0.714818,-0.559843,0.000000,0.000000,0.000000,0.000000,-0.972247,0.811545,0.000000,0.000000,0.000000,0.000000,0.000000,0.000000,0.203011,0.000000,0.141426,-0.730579,-0.472602,0.344336,-0.130580,1.000000,0.490261,-0.423873,-0.536923,0.422805,-0.142373,0.000000,0.000000,0.688749,0.000000,-0.540555,0.000000,-0.277943,0.764291,-0.041658,0.000000,0.000000,0.000000,0.000000,0.000000,0.000000,0.951740,-0.760908,0.000000,0.000000,1.000000,0.000000,-0.996996,-0.921297,1.000000,0.000000,0.932546,0.552746,0.000000,1.000000,0.000000,0.000000,0.000000,-0.330054,0.972932,-0.982709,0.043984,0.000000,0.000000,0.000000,-0.506291,0.000000,0.000000,0.000000,0.000000,0.000000,0.000000,-0.838725
044021145X,-0.321353,0.000000,0.382436,0.612487,1.000000,-0.515565,-0.031152,-0.709758,-0.434953,-0.496349,-0.145114,0.927136,0.556720,-0.468539,-0.284634,-0.709758,0.648105,-0.942361,-0.711093,0.000000,0.000000,0.730430,-0.193700,0.311565,0.272772,0.000000,-0.231444,0.972893,-0.625853,0.992841,0.876768,0.000000,-0.349867,-0.151945,0.364185,-0.235585,0.183594,0.000000,-0.614517,-0.404400,-0.440127,0.470730,0.000000,0.324999,0.681766,0.547360,-0.996146,0.000000,0.793160,-0.683208,-0.501213,0.533254,-0.231946,-0.381827,0.272088,0.000000,-0.301901,0.000000,-0.885995,0.000000,-0.040242,0.609774,0.798930,0.282937,0.540399,-0.757806,-0.076343,0.104876,-0.396926,0.360137,-0.621736,-0.412099,0.000000,0.514496,0.343514,0.000000,-0.671029,-0.717047,0.000000,0.547058,-0.683211,-0.209397,0.129032,-0.971418,0.000000,0.504482,-0.906936,0.683866,-0.992861,-0.921829,0.379549,0.000000,0.000000,0.247618,-0.115419,0.000000,0.000000,-0.616796,0.000000,-0.017044,0.917297,-0.936026,0.915570,0.707137,0.660549,-0.111390,-0.064257,-0.708507,0.000000,0.000000,-0.902048,0.431095
044022165X,0.000000,0.000000,-1.000000,0.000000,-0.515565,1.000000,0.000000,-0.760160,-0.942139,1.000000,0.000000,0.000000,0.000000,0.000000,0.000000,-0.301892,0.000000,0.000000,0.104883,0.000000,0.000000,0.000000,-0.815567,0.333939,0.300537,0.000000,0.000000,0.000000,-0.659498,0.000000,-0.987853,-0.381799,0.000000,0.497483,0.007164,0.000000,0.000000,0.000000,0.000000,0.028674,0.570170,0.000000,0.000000,1.000000,0.000000,0.000000,0.911493,0.000000,0.000000,0.000000,-0.956806,0.473077,-0.307953,0.000000,0.000000,0.000000,0.000000,0.000000,0.000000,0.000000,0.000000,-0.328726,0.922758,0.504299,0.068804,-0.601252,0.000000,0.931192,-0.031816,-0.320050,0.884564,0.000000,0.000000,0.000000,0.000000,0.000000,-0.883216,0.072680,0.000000,0.000000,-0.014714,1.000000,0.000000,-1.000000,0.000000,0.391109,0.000000,-0.995862,-0.590999,1.000000,0.000000,0.000000,0.000000,0.000000,0.000000,0.000000,-0.188946,-0.231643,0.000000,-0.999992,-0.841171,0.617044,0.721274,0.000000,0.207606,1.000000,-0.824333,-0.869151,0.000000,0.000000,0.000000,0.000000
044023722X,-0.188963,0.116626,0.000000,0.906183,-0.031152,0.000000,1.000000,-0.221240,0.725033,0.000000,0.000000,-0.392728,0.000000,0.000000,0.000000,0.000000,-0.762561,0.000000,0.000000,0.000000,0.774546,0.000000,0.676584,-0.135406,0.000000,0.000000,0.000000,-0.022054,0.000000,0.000000,0.413902,0.000000,0.000000,0.000000,0.000000,0.000000,0.000000,0.000000,0.000000,0.653533,0.000000,0.160690,0.000000,0.116626,0.000000,-0.716457,0.000000,0.000000,0.000000,0.863822,0.000000,0.000000,-0.760324,0.000000,0.000000,0.000000,-0.679691,0.000000,1.000000,-0.002503,0.000000,-0.436210,-0.396299,-0.976017,0.534769,0.266614,-0.221240,0.000000,0.951443,-0.532172,-0.248238,-0.836169,1.000000,0.000000,-0.507875,0.000000,-0.532452,0.787424,0.000000,0.000000,0.000000,0.587198,0.000000,0.000000,0.000000,0.000000,0.000000,0.944676,0.362998,0.362998,0.000000,0.000000,0.000000,-0.246601,0.000000,0.000000,0.000000,0.906775,0.463770,-0.550625,-0.159208,0.689842,0.000000,0.000000,-0.494162,0.000000,0.000000,0.000000,0.000000,0.000000,0.833877,-0.995047
044651652X,-0.558852,0.000000,0.000000,0.000000,-0.709758,-0.760160,-0.221240,1.000000,0.000000,0.000000,0.000000,-0.364244,0.000000,0.000000,0.000000,0.000000,0.000000,0.000000,0.439063,0.000000,0.000000,0.000000,0.000000,0.000000,0.000000,0.000000,0.000000,0.000000,0.000000,0.000000,0.505729,0.000000,0.000000,0.000000,0.000000,0.000000,0.000000,0.000000,0.000000,-0.221240,-0.098773,0.000000,-0.998094,0.000000,-0.684686,0.000000,0.895607,0.000000,0.000000,0.000000,-0.267531,0.000000,0.966701,0.000000,0.000000,0.000000,0.000000,0.000000,0.000000,0.000000,0.000000,-0.284415,-0.840039,-0.889730,0.968715,0.880934,-0.869659,0.000000,0.000000,0.806095,0.000000,0.000000,0.000000,0.000000,0.686091,0.000000,0.723661,0.439063,0.000000,-0.999298,0.000000,0.000000,0.000000,0.564809,0.000000,0.000000,-0.538200,0.000000,0.000000,0.000000,0.000000,0.000000,0.000000,0.000000,0.000000,0.000000,0.000000,0.000000,0.000000,1.000000,-0.128843,0.038964,0.000000,0.000000,-0.371893,0.000000,0.439287,0.422819,0.000000,0.000000,0.879933,0.000000
059035342X,0.193226,0.000000,0.217790,-0.524980,-0.434953,-0.942139,0.725033,0.000000,1.000000,-0.158932,0.000000,-0.649144,0.060865,0.000000,0.000000,0.728746,-0.990403,0.000000,0.032358,0.000000,0.000000,-0.864021,-0.688154,-0.372902,0.820831,-0.141174,0.000000,-0.856178,0.986235,0.000000,-0.973074,0.000000,-0.202246,-0.554348,-0.982982,-0.125528,0.807256,0.000000,0.000000,0.685088,0.000000,0.217790,0.000000,-0.368551,-0.996358,-0.923954,0.500250,0.000000,-0.194365,0.000000,0.994278,0.000000,-0.149904,0.000000,0.000000,1.000000,0.671101,0.562627,0.777347,0.688440,0.000000,1.000000,-0.891436,0.969457,-0.476111,0.998236,0.000000,-0.927908,-0.389825,0.035091,-0.102894,0.381379,0.000000,0.000000,0.000000,0.000000,0.541151,1.000000,0.000000,0.000000,0.030443,-0.260510,0.000000,0.000000,0.000000,-0.903587,0.000000,0.872025,0.714235,0.708700,-0.249391,0.812340,0.000000,0.000000,0.000000,0.000000,0.000000,0.648925,-0.645643,0.726157,0.000000,0.691250,-0.908365,0.000000,-0.646163,0.476969,-0.288754,0.000000,0.000000,0.000000,0.257036,-0.462380
067976402X,0.721767,0.000000,-0.316947,0.921894,-0.496349,1.000000,0.000000,0.000000,-0.158932,1.000000,0.000000,0.000000,-0.884362,0.021004,0.000000,0.023933,0.000000,0.000000,0.837282,1.000000,0.913624,-0.622547,0.000000,0.000000,0.000000,0.000000,0.000000,-0.991831,1.000000,0.000000,-0.549263,0.000000,0.069356,0.897941,-0.139749,0.000000,0.000000,0.000000,0.863661,0.471330,0.999760,0.000000,-0.754182,-0.316633,0.000000,-0.979749,0.000000,0.883822,-0.753250,0.000000,0.000000,0.415569,0.267453,0.943993,0.000000,0.915090,-0.505925,-1.000000,0.489946,0.040334,0.849476,-0.902342,-0.900222,-0.571975,0.998378,-0.112502,0.330879,0.948277,0.355841,-0.544163,0.000000,0.107384,0.713535,0.000000,0.000000,0.000000,1.000000,0.710130,1.000000,0.000000,0.000000,0.017911,0.000000,0.999760,0.000000,-0.634739,0.772603,0.000000,0.000000,0.000000,-0.561771,0.000000,0.000000,0.932444,0.677760,0.000000,-0.948387,-0.409526,0.728355,-0.272213,0.000000,1.000000,0.000000,-0.273839,-0.750007,1.000000,0.033203,0.000000,0.000000,0.000000,-0.006408,0.000000
068484267X,0.000000,0.000000,0.000000,0.000000,-0.145114,0.000000,0.000000,0.000000,0.000000,0.000000,1.000000,0.000000,0.000000,0.000000,0.000000,0.000000,0.000000,0.000000,0.000000,0.000000,0.000000,0.000000,-0.145114,0.000000,0.000000,0.000000,0.000000,0.000000,0.000000,0.000000,0.000000,-0.796802,0.000000,0.000000,0.000000,0.000000,0.000000,0.000000,0.000000,0.000000,0.000000,0.000000,0.000000,0.000000,0.000000,0.000000,0.000000,0.000000,0.000000,0.000000,0.000000,0.000000,0.000000,0.000000,0.000000,0.000000,0.000000,0.000000,0.000000,0.000000,0.000000,1.000000,0.000000,0.000000,0.000000,0.000000,0.000000,0.000000,0.000000,0.000000,0.000000,0.000000,0.000000,0.000000,0.000000,0.000000,0.000000,0.000000,0.000000,0.000000,0.000000,0.000000,0.000000,0.000000,0.000000,0.000000,0.000000,0.000000,0.000000,0.000000,0.000000,0.000000,0.000000,0.000000,0.000000,0.000000,0.000000,0.000000,0.000000,0.000000,0.000000,0.000000,0.000000,0.000000,0.000000,0.000000,0.000000,0.000000,0.000000,0.000000,0.000000,0.000000
068484477X,-0.455946,0.702638,0.000000,-0.906183,0.927136,0.000000,-0.392728,-0.364244,-0.649144,0.000000,0.000000,1.000000,0.984904,-0.412668,0.536514,0.000000,0.000000,0.000000,-0.716462,0.000000,-0.761690,0.738006,0.000000,0.880361,0.479630,-0.729791,0.000000,0.835037,0.000000,0.000000,0.419218,0.563357,0.000000,0.000000,0.969162,-0.539717,0.582927,0.000000,-0.938251,0.000000,-0.890772,0.997747,0.306078,0.000000,0.928162,0.648789,-0.996953,0.000000,0.000000,0.000000,-0.873616,0.000000,-0.590442,-0.873616,-0.763128,-0.892542,0.000000,0.000000,-1.000000,-0.475153,0.000000,1.000000,0.821157,1.000000,0.000000,0.000000,-0.015867,0.000000,0.000000,0.247282,0.000000,-0.219944,-1.000000,-0.063610,0.435500,0.000000,-0.908876,-0.878335,-0.915750,0.000000,0.000000,0.000000,0.000000,-0.974260,0.000000,1.000000,-0.588882,0.000000,0.000000,0.000000,0.000000,0.000000,0.000000,-0.998505,0.805707,0.000000,-0.486662,-0.921426,-0.591937,-0.034125,0.939999,-0.907791,0.000000,0.000000,0.998776,0.000000,-0.483744,-0.860478,-0.483761,0.000000,-0.589568,0.471002
080410526X,-0.724878,0.267924,0.858698,0.000000,0.556720,0.000000,0.000000,0.000000,0.060865,-0.884362,0.000000,0.984904,1.000000,-0.700957,0.000000,-0.972788,0.827678,0.000000,-0.429095,0.000000,-0.553348,0.000000,0.000000,-0.408924,0.000000,-0.700164,0.000000,0.992396,-0.809517,0.000000,0.328676,0.000000,0.397635,-0.794415,0.115980,0.000000,0.000000,0.000000,0.000000,-0.542796,-0.965816,0.000000,0.000000,0.000000,0.998318,0.000000,0.000000,0.000000,0.972022,-0.435952,0.000000,0.000000,-0.593089,0.000000,0.000000,-0.763178,0.530728,0.512996,-0.593089,-0.467352,0.000000,0.862304,0.000000,0.000000,0.000000,-0.017905,0.000000,0.000000,0.000000,0.540379,0.000000,-0.746092,-0.931432,0.000000,0.000000,0.000000,-0.809517,0.000000,-0.789235,0.000000,0.000000,0.000000,0.000000,0.000000,0.299494,0.000000,0.000000,0.000000,0.000000,0.000000,0.385511,-0.285828,0.000000,0.000000,0.000000,0.000000,0.000000,0.041484,0.000000,0.000000,1.000000,-0.809517,0.000000,0.000000,0.868104,-0.965789,0.000000,0.000000,0.000000,0.000000,-0.763726,0.852171
1400031354,0.379724,-0.953648,0.000000,0.000000,-0.468539,0.000000,0.000000,0.000000,0.000000,0.021004,0.000000,-0.412668,-0.700957,1.000000,0.920737,0.958519,-0.179915,0.969065,0.000000,0.000000,-0.340834,-0.838794,0.000000,0.937509,0.000000,0.418155,0.000000,-0.492089,0.689969,-0.042211,-0.481622,0.000000,0.000000,0.000000,-0.983380,0.571308,0.000000,0.000000,0.642915,-0.018497,-0.277381,-0.013156,0.567982,-0.961496,-0.782700,0.000000,0.882078,0.000000,0.000000,-0.336278,0.934517,-0.026127,0.650711,0.412727,0.000000,0.739777,0.000000,0.000000,0.000000,0.488884,0.000000,0.000000,0.000000,0.000000,0.000000,0.000000,0.000000,0.000000,0.000000,-0.584888,0.000000,0.693406,1.000000,0.859140,0.000000,-0.887984,0.406113,0.718831,0.161277,0.000000,0.000000,0.000000,0.000000,0.000000,0.000000,-0.475090,0.701379,0.093450,0.000000,0.000000,-0.732360,0.000000,0.685996,0.000000,-0.356172,0.000000,-0.853511,-0.182551,-0.993623,-0.034797,-0.931351,0.992192,-0.480339,-0.096068,0.000000,-0.863719,0.676978,-0.089369,0.000000,0.000000,0.000000,-0.972470
1400034779,-0.766319,0.691244,0.000000,0.000000,-0.284634,0.000000,0.000000,0.000000,0.000000,0.000000,0.000000,0.536514,0.000000,0.920737,1.000000,0.000000,0.000000,0.792609,0.000000,0.000000,-0.784349,0.000000,0.000000,0.000000,0.000000,1.000000,0.000000,-0.965527,0.000000,-0.601386,-0.372642,0.000000,0.000000,0.000000,0.000000,0.604509,0.000000,0.000000,0.769919,-0.020032,-0.634250,0.000000,0.000000,-0.992212,-0.829521,0.000000,0.000000,0.000000,0.000000,0.000000,0.000000,0.000000,0.358055,0.000000,0.000000,1.000000,0.000000,0.000000,0.000000,0.390081,0.000000,0.103668,0.000000,0.000000,0.000000,0.000000,0.000000,0.000000,0.000000,-0.868452,0.000000,0.000000,0.000000,0.893483,0.000000,0.000000,0.000000,1.000000,-0.877871,0.000000,0.000000,0.000000,0.000000,0.000000,0.000000,-0.475090,0.000000,0.000000,0.000000,1.000000,-0.514496,0.000000,0.220444,0.000000,-0.351970,0.284879,-0.816659,0.000000,-0.993623,0.000000,0.000000,0.000000,0.000000,-0.125147,0.000000,0.000000,0.648466,-0.559855,0.000000,0.000000,0.000000,0.000000
140067477,-0.279526,-0.483858,-0.171806,1.000000,-0.709758,-0.301892,0.000000,0.000000,0.728746,0.023933,0.000000,0.000000,-0.972788,0.958519,0.000000,1.000000,-0.627109,0.000000,0.000000,0.000000,0.000000,-0.367618,0.000000,-0.887571,0.000000,0.000000,0.000000,-0.852683,0.831186,0.000000,-0.654304,0.997463,1.000000,0.500079,0.040283,0.000000,0.000000,0.000000,0.000000,0.000000,0.000000,0.000000,0.301715,-0.999969,0.000000,0.000000,0.000000,-0.983487,0.252637,0.000000,0.000000,0.000000,0.824351,0.000000,0.000000,0.711051,1.000000,0.565554,0.826479,1.000000,0.000000,0.083045,0.000000,0.000000,0.000000,0.689565,-0.923031,0.000000,0.000000,-0.897095,0.000000,1.000000,0.558491,0.000000,0.000000,0.000000,0.000000,0.000000,0.000000,0.000000,0.000000,-0.221240,0.000000,0.000000,0.080806,0.000000,0.397186,0.000000,0.000000,0.000000,-0.706866,0.783767,0.000000,0.000000,0.000000,0.000000,0.000000,0.978485,0.399334,-0.884266,-0.971645,0.000000,-0.709758,0.000000,0.000000,0.000000,0.000000,0.000000,0.000000,0.000000,0.000000,-0.652158
140298479,0.356205,0.000000,0.000000,0.000000,0.648105,0.000000,-0.762561,0.000000,-0.990403,0.000000,0.000000,0.000000,0.827678,-0.179915,0.000000,-0.627109,1.000000,0.000000,0.000000,0.000000,0.000000,0.910292,0.000000,0.173679,0.000000,0.000000,0.000000,0.000000,0.000000,0.000000,0.000000,0.000000,-0.627109,0.000000,0.000000,0.000000,0.000000,0.000000,0.000000,0.000000,0.000000,0.000000,0.000000,0.000000,0.793748,0.997651,0.000000,0.000000,0.000000,-0.865894,0.000000,0.000000,-0.956805,0.000000,0.000000,0.000000,-0.627109,0.000000,-0.956805,0.000000,0.000000,0.000000,0.000000,0.000000,0.000000,0.000000,0.000000,0.000000,0.000000,0.000000,0.000000,0.000000,0.000000,0.000000,0.000000,0.000000,0.000000,0.000000,0.000000,0.000000,0.000000,0.000000,0.000000,0.000000,0.000000,0.000000,0.000000,-0.256375,0.000000,0.000000,0.000000,0.000000,0.000000,0.000000,0.000000,0.000000,0.000000,0.000000,0.000000,0.000000,0.000000,0.000000,0.000000,0.000000,0.000000,0.000000,0.000000,0.000000,0.000000,0.000000,0.000000,0.335395
142001740,0.000000,0.799813,0.000000,0.000000,-0.942361,0.000000,0.000000,0.000000,0.000000,0.000000,0.000000,0.000000,0.000000,0.969065,0.792609,0.000000,0.000000,1.000000,0.000000,0.000000,-0.887495,0.000000,0.000000,0.000000,0.000000,0.000000,0.000000,0.000000,0.000000,0.997904,0.716275,0.000000,0.000000,0.000000,0.000000,0.000000,0.000000,0.000000,0.999667,-0.965011,0.000000,0.000000,0.000000,-0.862384,0.000000,0.000000,0.000000,0.000000,0.000000,0.000000,0.000000,0.000000,0.884155,0.000000,0.000000,0.000000,0.000000,0.000000,0.000000,0.000000,0.000000,0.000000,0.000000,0.000000,0.000000,0.000000,0.000000,0.000000,0.000000,0.422481,0.000000,0.000000,0.000000,0.348332,0.000000,0.000000,0.000000,0.000000,0.000000,0.000000,0.000000,0.000000,0.000000,0.000000,0.000000,0.000000,0.000000,0.000000,0.000000,0.000000,0.000000,0.000000,0.000000,-0.300578,0.153517,0.000000,0.000000,0.422864,-0.700035,0.000000,0.000000,0.000000,0.000000,0.153517,0.000000,-0.208213,-0.593251,0.000000,0.000000,0.000000,0.000000,0.000000
1558744150,0.000000,0.000000,0.000000,0.000000,-0.711093,0.104883,0.000000,0.439063,0.032358,0.837282,0.000000,-0.716462,-0.429095,0.000000,0.000000,0.000000,0.000000,0.000000,1.000000,0.000000,-0.196641,0.000000,0.000000,-0.923107,-0.980962,0.000000,0.980768,-0.318508,0.915306,0.000000,-0.545614,-0.005350,0.308581,0.000000,0.000000,0.000000,0.041603,0.000000,0.000000,0.000000,0.850695,0.000000,-0.382782,0.037790,-0.955450,-0.989757,0.742642,0.000000,0.000000,0.000000,0.989962,-0.993102,0.654364,0.000000,0.000000,0.000000,0.387190,0.000000,0.839961,0.387190,0.000000,-0.547443,-0.860027,-0.379230,0.000000,0.000000,-0.065819,0.000000,0.905284,-0.609443,0.000000,0.443077,0.000000,0.000000,-0.352404,0.000000,0.085405,0.074429,0.915306,0.000000,0.000000,0.419742,0.000000,0.989412,0.000000,0.000000,0.520931,0.000000,0.742642,0.742642,-0.765675,0.000000,0.000000,0.000000,0.000000,0.000000,0.000000,0.000000,0.000000,0.043402,-0.722251,0.346197,-0.466476,0.000000,-0.998857,0.000000,0.439063,0.989412,0.000000,0.000000,0.823121,0.000000
156027321,0.000000,0.000000,0.000000,0.000000,0.000000,0.000000,0.000000,0.000000,0.000000,1.000000,0.000000,0.000000,0.000000,0.000000,0.000000,0.000000,0.000000,0.000000,0.000000,1.000000,0.849276,0.000000,0.000000,0.000000,0.000000,0.000000,0.000000,0.000000,0.000000,0.000000,-0.065987,0.000000,0.000000,0.000000,0.000000,0.000000,0.000000,0.000000,0.931501,0.000000,0.000000,0.000000,0.129981,0.000000,0.000000,0.000000,0.000000,0.000000,1.000000,0.000000,0.000000,0.000000,0.000000,0.688043,0.000000,0.000000,0.000000,0.000000,0.000000,0.000000,0.849276,0.000000,0.000000,0.000000,0.000000,0.000000,0.000000,0.000000,0.000000,0.000000,0.000000,0.000000,0.000000,0.000000,0.000000,0.000000,0.000000,0.000000,1.000000,0.000000,0.000000,0.000000,-0.946110,0.000000,0.000000,0.000000,0.000000,0.000000,0.000000,0.000000,0.000000,0.000000,0.000000,0.726044,0.000000,0.000000,0.000000,0.000000,0.000000,0.000000,0.000000,0.000000,0.000000,0.000000,0.000000,-0.033471,0.000000,0.000000,0.000000,0.000000,0.000000,0.000000
312195516,-0.925619,-0.357221,0.000000,0.056759,0.000000,0.000000,0.774546,0.000000,0.000000,0.913624,0.000000,-0.761690,-0.553348,-0.340834,-0.784349,0.000000,0.000000,-0.887495,-0.196641,0.849276,1.000000,0.239294,0.000000,0.000000,0.000000,0.000000,0.000000,0.545832,0.382685,-0.666401,0.292823,0.368236,-0.723006,0.654799,-0.999189,0.000000,0.000000,0.000000,-0.605427,-0.664063,-0.763563,0.902134,-0.461604,-0.349887,0.210429,-0.211571,0.000000,0.000000,0.000000,0.000000,0.000000,-0.266604,0.155505,0.433205,0.000000,0.000000,-0.037247,0.000000,0.000000,0.000000,1.000000,-0.976496,-0.951217,-0.100351,0.000000,0.000000,0.000000,0.000000,0.000000,0.915857,0.000000,-0.997944,-0.969401,-0.239409,-0.143076,0.000000,0.892034,-0.255535,0.043609,0.000000,0.000000,1.000000,0.000000,0.000000,0.460983,-0.654820,-0.590418,0.000000,0.000000,0.000000,-0.917658,0.000000,-0.987300,0.124052,0.125599,0.000000,-0.004296,-0.931041,0.494500,-0.230397,0.374684,-0.173974,0.000000,-0.050570,0.000000,0.791450,0.000000,0.815622,-0.263871,0.037412,-0.163791,-0.033182
312278586,0.073456,0.000000,0.939550,0.711294,0.730430,0.000000,0.000000,0.000000,-0.864021,-0.622547,0.000000,0.738006,0.000000,-0.838794,0.000000,-0.367618,0.910292,0.000000,0.000000,0.000000,0.239294,1.000000,0.000000,0.000000,0.000000,-0.190001,0.000000,0.780817,0.000000,0.141855,0.873355,0.000000,0.105660,-0.937430,0.091966,0.000000,0.000000,0.000000,-0.739152,-0.489885,-0.927634,0.827944,0.985024,0.910521,0.000000,0.477475,-0.788397,0.000000,0.000000,0.000000,0.000000,0.000000,-0.668053,0.000000,0.000000,-0.999990,-0.367618,0.000000,-0.750619,0.000000,0.000000,0.000000,0.000000,0.561822,0.000000,0.000000,0.000000,0.000000,0.000000,0.328062,0.000000,-0.189325,-0.838270,0.962225,0.000000,0.000000,-0.544675,0.000000,-0.838270,0.000000,0.000000,-0.486468,0.000000,0.000000,1.000000,0.000000,-0.976389,0.000000,0.000000,0.000000,0.985024,-0.724878,0.000000,0.895970,-0.900180,0.000000,0.000000,-0.879185,1.000000,-0.578708,0.930852,-0.788397,0.880833,-0.933200,0.000000,0.000000,0.168465,0.000000,0.000000,0.000000,-0.988754,-0.084681
312924585,-0.781853,0.000000,-0.754763,-0.136750,-0.193700,-0.815567,0.676584,0.000000,-0.688154,0.000000,-0.145114,0.000000,0.000000,0.000000,0.000000,0.000000,0.000000,0.000000,0.000000,0.000000,0.000000,0.000000,1.000000,0.608437,0.676584,0.853481,0.000000,0.853481,0.000000,0.000000,0.816246,0.000000,0.000000,0.988365,0.603498,0.000000,0.000000,0.000000,0.000000,-0.359881,0.000000,1.000000,0.000000,0.000000,0.000000,0.000000,0.000000,0.000000,0.000000,0.000000,0.000000,0.000000,0.000000,0.000000,0.840409,0.000000,0.000000,1.000000,0.000000,1.000000,-0.877556,-0.404755,-0.803788,-0.611375,1.000000,0.502046,0.320172,0.000000,0.000000,0.000000,-0.340703,0.000000,0.000000,-0.573213,-0.953124,0.000000,-0.580328,0.000000,0.000000,-0.997736,-0.332958,0.650921,0.000000,0.000000,0.000000,0.000000,0.359239,0.588449,0.319428,-0.814551,0.000000,-0.146746,0.000000,0.000000,0.000000,0.000000,0.000000,0.000000,-0.732447,0.000000,0.000000,0.000000,0.000000,0.000000,1.000000,0.000000,0.000000,0.000000,0.000000,0.000000,0.000000,0.000000
312966970,-0.995776,1.000000,0.944443,0.000000,0.311565,0.333939,-0.135406,0.000000,-0.372902,0.000000,0.000000,0.880361,-0.408924,0.937509,0.000000,-0.887571,0.173679,0.000000,-0.923107,0.000000,0.000000,0.000000,0.608437,1.000000,-0.138158,0.906061,-0.677542,0.208442,-0.242232,0.687987,0.918491,0.000000,0.000000,-0.072400,-0.260134,0.000000,0.000000,0.000000,-0.958000,-0.013863,0.000000,0.898600,0.970708,0.000000,-0.472835,0.541516,-0.960996,0.000000,0.848963,-0.626325,-0.708337,0.000000,0.000000,0.000000,0.000000,-0.993782,-0.868812,-0.971649,0.000000,-0.446502,0.000000,0.873894,0.990174,0.396274,-0.717629,-0.987336,-0.995776,0.000000,-0.845646,0.823008,-0.798301,0.000000,0.000000,0.871319,0.000000,0.000000,0.379912,0.329246,0.000000,-0.607858,-0.421872,0.684417,0.000000,-0.856743,0.000000,0.000000,-0.909850,0.047512,-0.675703,-0.940926,1.000000,-0.362632,-0.932568,0.000000,0.000000,0.000000,0.000000,-0.860144,-0.503929,0.142608,0.990758,-0.213532,0.806895,-0.768840,0.848963,0.967296,0.283412,-0.468457,-0.972368,0.000000,-0.103254,-0.685788
312976275,0.000000,0.000000,-0.982002,-0.897507,0.272772,0.300537,0.000000,0.000000,0.820831,0.000000,0.000000,0.479630,0.000000,0.000000,0.000000,0.000000,0.000000,0.000000,-0.980962,0.000000,0.000000,0.000000,0.676584,-0.138158,1.000000,0.344324,-0.677542,0.528259,0.000000,0.000000,0.000000,-0.722036,0.000000,-0.489335,0.556012,-0.854915,0.000000,0.000000,0.000000,0.000000,0.000000,0.000000,0.000000,0.000000,0.000000,-0.030025,0.300537,0.000000,0.000000,0.000000,0.000000,0.000000,0.000000,0.000000,0.000000,-0.813881,0.000000,-0.813881,0.000000,-0.213198,0.000000,0.913881,-0.439704,-0.748106,0.450855,0.000000,0.000000,0.000000,0.252649,0.000000,-0.975924,0.000000,0.000000,0.651126,0.000000,0.000000,-0.719466,0.000000,0.000000,0.000000,0.306743,0.313812,0.000000,0.000000,0.000000,0.000000,0.000000,0.414912,-0.449606,-0.137230,1.000000,0.000000,0.000000,0.000000,0.000000,0.000000,0.000000,0.000000,0.000000,-0.263495,0.000000,0.758260,0.000000,0.000000,0.000000,0.000000,0.000000,0.000000,0.000000,0.000000,0.000000,0.000000
312980140,-0.495284,0.000000,0.000000,0.000000,0.000000,0.000000,0.000000,0.000000,-0.141174,0.000000,0.000000,-0.729791,-0.700164,0.418155,1.000000,0.000000,0.000000,0.000000,0.000000,0.000000,0.000000,-0.190001,0.853481,0.906061,0.344324,1.000000,-0.724802,0.731349,0.000000,0.000000,0.000000,0.000000,0.000000,0.000000,-0.974233,0.000000,0.000000,0.000000,0.000000,0.378016,0.000000,0.884422,0.000000,0.000000,0.000000,0.000000,-0.848326,0.000000,0.000000,0.000000,0.000000,0.000000,0.000000,0.000000,0.000000,0.995512,0.000000,0.995512,0.000000,0.363300,0.000000,0.399772,-0.795852,0.000000,0.000000,0.000000,0.000000,0.000000,0.000000,0.000000,-0.990579,0.000000,0.000000,0.000000,0.000000,-0.788959,-0.251608,0.000000,0.000000,0.000000,0.306743,0.868534,0.000000,0.000000,0.000000,0.000000,0.000000,0.022459,0.000000,0.883953,0.000000,0.000000,0.000000,0.000000,0.000000,0.000000,-0.544091,0.000000,-0.998498,-0.914735,0.000000,0.789240,0.000000,0.000000,0.000000,0.215010,0.000000,0.000000,0.000000,0.000000,0.284865,0.000000
312983271,0.000000,0.000000,0.000000,1.000000,-0.231444,0.000000,0.000000,0.000000,0.000000,0.000000,0.000000,0.000000,0.000000,0.000000,0.000000,0.000000,0.000000,0.000000,0.980768,0.000000,0.000000,0.000000,0.000000,-0.677542,-0.677542,-0.724802,1.000000,0.000000,0.000000,-0.845723,0.000000,0.000000,0.000000,0.000000,0.000000,0.000000,0.000000,0.000000,0.000000,0.000000,0.000000,0.000000,0.000000,0.000000,0.000000,0.000000,0.000000,0.000000,0.000000,0.000000,0.000000,0.000000,0.000000,0.000000,0.000000,0.000000,0.000000,0.000000,-0.600000,0.000000,0.000000,-0.607989,0.178885,-0.851658,-0.789765,0.000000,0.000000,0.324667,0.000000,-0.380508,0.000000,0.000000,0.000000,0.000000,0.000000,0.000000,-0.994912,0.000000,0.000000,0.000000,0.000000,0.000000,0.000000,0.000000,0.000000,0.000000,0.000000,0.000000,0.000000,0.217909,0.000000,0.000000,0.000000,0.000000,0.000000,0.000000,0.000000,0.000000,0.000000,-0.789765,0.000000,-0.724663,0.000000,0.000000,0.000000,0.000000,0.000000,0.000000,0.000000,0.000000,0.000000,0.000000
312983867,-0.509225,0.000000,0.917172,0.000000,0.972893,0.000000,-0.022054,0.000000,-0.856178,-0.991831,0.000000,0.835037,0.992396,-0.492089,-0.965527,-0.852683,0.000000,0.000000,-0.318508,0.000000,0.545832,0.780817,0.853481,0.208442,0.528259,0.731349,0.000000,1.000000,-0.969199,0.000000,0.840303,0.000000,0.000000,-0.396403,0.596246,-0.791027,0.000000,0.000000,-0.934588,-0.330287,-0.698158,0.625622,0.000000,0.332429,0.000000,0.163218,0.000000,0.000000,0.997920,0.000000,0.000000,0.000000,-0.972591,0.000000,0.000000,-0.855534,0.000000,0.995512,0.000000,-0.192022,0.000000,0.399772,0.967899,-0.376406,0.000000,-0.805560,0.000000,0.000000,0.090608,0.211521,-0.963207,-0.804157,0.000000,-0.942689,0.000000,0.000000,-0.841320,0.000000,0.000000,-0.032067,0.000000,0.262025,0.000000,-0.996848,0.000000,0.000000,-0.640321,0.641563,-0.939933,-0.939933,0.000000,0.000000,0.000000,0.000000,0.000000,-0.874402,0.000000,-0.969605,-0.938615,-0.775468,0.978258,-0.674991,0.999572,0.000000,0.997920,-0.238544,0.000000,0.000000,0.000000,-0.996923,-0.817533,0.269393
316096199,0.259760,-0.900941,0.376173,0.000000,-0.625853,-0.659498,0.000000,0.000000,0.986235,1.000000,0.000000,0.000000,-0.809517,0.689969,0.000000,0.831186,0.000000,0.000000,0.915306,0.000000,0.382685,0.000000,0.000000,-0.242232,0.000000,0.000000,0.000000,-0.969199,1.000000,0.000000,-0.683768,0.000000,-0.099931,0.000000,0.000000,0.000000,0.000000,0.000000,0.000000,0.606917,0.501764,0.403218,-0.443660,-0.553085,0.000000,0.000000,0.948643,0.000000,0.000000,0.919503,0.756326,0.000000,-0.462855,0.894254,0.000000,0.000000,0.000000,0.000000,0.000000,0.000000,0.000000,-0.497635,0.000000,0.000000,0.000000,0.739975,0.342757,0.000000,0.000000,-0.553085,-0.243467,0.000000,0.952063,0.000000,0.000000,0.000000,0.793397,1.000000,1.000000,0.000000,0.000000,-0.358173,0.000000,0.000000,0.000000,0.000000,0.000000,0.000000,0.000000,0.000000,0.000000,0.109705,0.000000,0.000000,0.000000,0.000000,0.000000,0.238205,-0.606319,0.000000,-0.939080,1.000000,-0.941741,0.249344,-0.979628,-0.042177,0.209983,0.805434,0.000000,0.000000,0.000000,0.000000
316601950,-0.052445,0.496380,0.000000,0.000000,0.992841,0.000000,0.000000,0.000000,0.000000,0.000000,0.000000,0.000000,0.000000,-0.042211,-0.601386,0.000000,0.000000,0.997904,0.000000,0.000000,-0.666401,0.141855,0.000000,0.687987,0.000000,0.000000,-0.845723,0.000000,0.000000,1.000000,0.320676,0.000000,0.000000,0.000000,0.000000,0.000000,0.000000,0.000000,0.698710,0.000000,0.000000,0.000000,0.000000,0.000000,0.000000,0.000000,0.000000,0.000000,0.000000,0.000000,0.000000,1.000000,0.000000,0.000000,0.000000,0.000000,0.000000,0.000000,0.000000,0.000000,0.000000,0.000000,0.000000,0.213697,1.000000,0.000000,0.000000,0.171612,0.000000,-0.726069,0.000000,0.000000,0.000000,0.000000,0.000000,0.000000,-0.100594,0.635797,0.871637,0.000000,0.000000,0.000000,0.000000,0.000000,0.000000,0.000000,0.000000,-0.927111,-0.892917,-0.705089,0.692636,0.000000,0.698000,0.870842,0.260671,0.000000,-0.364661,0.143342,0.000000,-0.739973,0.000000,0.000000,-0.940097,0.065046,0.000000,0.000000,0.000000,0.000000,0.000000,0.000000,0.000000,0.000000
316666343,-0.025052,0.858873,0.000000,-0.091178,0.876768,-0.987853,0.413902,0.505729,-0.973074,-0.549263,0.000000,0.419218,0.328676,-0.481622,-0.372642,-0.654304,0.000000,0.716275,-0.545614,-0.065987,0.292823,0.873355,0.816246,0.918491,0.000000,0.000000,0.000000,0.840303,-0.683768,0.320676,1.000000,-0.067567,-0.439550,-0.163918,0.000000,0.210740,0.000000,0.000000,0.086433,-0.516184,-0.651335,0.765290,-0.544790,0.239367,0.475946,0.000000,0.000000,-0.055470,0.590743,-0.863830,-0.051361,-0.245501,0.273978,-0.983073,-0.038916,-0.764433,-0.422458,0.000000,0.000000,0.000000,0.840656,0.057669,-0.074998,-0.918842,0.605944,-0.934277,-0.768574,0.000000,0.000000,0.379279,0.000000,-0.524122,-0.860878,-0.284088,0.153736,0.000000,-0.175204,0.190158,-0.610032,0.000000,-0.921138,-0.395943,-0.555254,-0.432535,0.000000,-0.174221,-0.982479,-0.210104,-0.879467,-0.938596,-0.492190,-1.000000,0.136228,0.929880,0.788454,0.000000,-0.235693,-0.912596,0.000000,0.418918,0.699904,-0.727973,0.691369,0.233567,0.589634,-0.551383,-0.129995,-0.432535,0.000000,-0.674769,0.028491,-0.355433
316769487,0.000000,0.000000,0.959162,-0.803478,0.000000,-0.381799,0.000000,0.000000,0.000000,0.000000,-0.796802,0.563357,0.000000,0.000000,0.000000,0.997463,0.000000,0.000000,-0.005350,0.000000,0.368236,0.000000,0.000000,0.000000,-0.722036,0.000000,0.000000,0.000000,0.000000,0.000000,-0.067567,1.000000,0.000000,0.568120,-0.980508,0.000000,-0.873813,0.000000,0.000000,-0.999622,-0.949261,0.000000,-0.360412,0.000000,-0.131505,0.808042,0.000000,0.000000,0.000000,0.000000,0.704800,0.000000,0.328147,0.000000,0.000000,0.645590,0.000000,1.000000,0.000000,0.000000,0.000000,-0.790724,-0.208177,-0.956517,0.000000,0.209292,0.000000,0.000000,0.000000,0.000000,0.000000,0.000000,0.000000,-0.326984,0.999352,0.000000,0.000000,-0.712068,-0.488872,0.000000,0.000000,0.000000,-0.440639,0.000000,-0.940321,0.072581,-0.172471,0.000000,0.000000,0.000000,0.000000,0.645590,0.000000,-0.447124,0.000000,0.000000,-0.969561,0.000000,0.416218,0.000000,0.665112,0.000000,0.000000,0.000000,0.000000,0.000000,0.000000,0.000000,0.000000,0.000000,-0.615443,0.000000
316776963,-0.730030,0.684357,0.000000,0.852458,-0.349867,0.000000,0.000000,0.000000,-0.202246,0.069356,0.000000,0.000000,0.397635,0.000000,0.000000,1.000000,-0.627109,0.000000,0.308581,0.000000,-0.723006,0.105660,0.000000,0.000000,0.000000,0.000000,0.000000,0.000000,-0.099931,0.000000,-0.439550,0.000000,1.000000,0.969539,0.315629,0.000000,0.000000,0.000000,0.000000,-0.681875,0.000000,0.000000,0.000000,0.000000,-0.801214,-0.009617,0.691322,0.000000,-0.859894,0.000000,0.664665,0.000000,-0.368066,0.000000,0.000000,0.014121,-0.373692,0.000000,0.450496,0.000000,-0.890196,0.152899,0.000000,-0.903675,0.000000,-0.277050,0.000000,0.000000,0.000000,0.000000,0.000000,0.000000,0.000000,0.000000,0.000000,0.000000,-0.099931,0.943882,-0.100657,0.000000,0.000000,0.000000,0.000000,0.000000,0.648862,0.648862,0.000000,0.000000,0.000000,0.000000,0.000000,-0.681875,0.000000,0.843263,0.000000,0.000000,0.000000,-0.333604,0.847394,0.000000,-0.374331,-0.100657,-0.910028,-0.598429,-0.683642,-0.812702,-0.264910,-0.581433,0.000000,0.000000,0.000000,-0.944143
345313860,0.000000,-0.999826,-0.239147,0.000000,-0.151945,0.497483,0.000000,0.000000,-0.554348,0.897941,0.000000,0.000000,-0.794415,0.000000,0.000000,0.500079,0.000000,0.000000,0.000000,0.000000,0.654799,-0.937430,0.988365,-0.072400,-0.489335,0.000000,0.000000,-0.396403,0.000000,0.000000,-0.163918,0.568120,0.969539,1.000000,0.241237,0.000000,0.000000,0.000000,0.990166,-0.761041,0.000000,0.000000,0.000000,-1.000000,0.170656,-0.735239,0.000000,0.000000,-0.708667,-0.336933,0.000000,0.000000,0.088690,0.000000,0.000000,0.687513,-0.893708,1.000000,0.088690,1.000000,0.000000,-0.996225,-0.827840,-0.750890,0.890518,-0.463919,0.467818,1.000000,0.000000,0.000000,0.000000,0.000000,0.000000,0.000000,-0.997904,0.000000,0.000000,0.000000,0.493940,-0.576046,-0.345859,0.000000,-0.975086,1.000000,0.212388,-0.993948,0.946719,0.000000,0.000000,-0.001636,-0.307791,1.000000,1.000000,-0.139597,0.760353,0.000000,0.000000,-0.629854,0.000000,-0.928822,0.079506,0.383022,0.000000,-0.263830,-0.172516,1.000000,0.000000,0.000000,0.000000,0.000000,0.000000,0.000000
345337662,-0.214904,0.794028,-0.271531,0.658226,0.364185,0.007164,0.000000,0.000000,-0.982982,-0.139749,0.000000,0.969162,0.115980,-0.983380,0.000000,0.040283,0.000000,0.000000,0.000000,0.000000,-0.999189,0.091966,0.603498,-0.260134,0.556012,-0.974233,0.000000,0.596246,0.000000,0.000000,0.000000,-0.980508,0.315629,0.241237,1.000000,-1.000000,0.000000,-0.860307,-0.564042,-0.412183,-0.805699,1.000000,0.000000,0.901219,0.034774,0.870788,-0.199439,0.000000,0.371258,0.000000,-0.758819,0.000000,-0.557653,0.000000,0.000000,-0.711374,-0.763089,-0.651190,-0.881564,-0.265510,-0.849385,-0.625629,0.033110,-0.594604,0.829435,-0.696887,-0.523542,0.548685,0.245662,-0.181983,-0.576568,0.000000,0.000000,-0.130094,0.014159,0.000000,-0.709529,0.271087,0.000000,-0.119785,-0.579026,-0.929980,-0.970106,-0.805699,0.464302,0.000000,-0.348333,0.000000,0.000000,0.000000,0.897148,-0.337607,0.000000,-0.997548,0.000000,0.000000,0.000000,-0.148360,-0.987574,-0.459635,0.869340,-0.909783,0.000000,0.984833,0.601568,-0.836914,0.245662,-0.999905,0.000000,0.000000,0.000000,0.877527
345339681,0.000000,0.000000,0.000000,0.000000,-0.235585,0.000000,0.000000,0.000000,-0.125528,0.000000,0.000000,-0.539717,0.000000,0.571308,0.604509,0.000000,0.000000,0.000000,0.000000,0.000000,0.000000,0.000000,0.000000,0.000000,-0.854915,0.000000,0.000000,-0.791027,0.000000,0.000000,0.210740,0.000000,0.000000,0.000000,-1.000000,1.000000,0.000000,0.000000,0.000000,0.000000,0.000000,0.000000,0.000000,-1.000000,0.000000,0.000000,0.000000,0.000000,0.000000,0.000000,0.000000,0.000000,0.525351,0.000000,0.000000,0.000000,0.796247,0.610278,0.000000,1.000000,0.000000,-1.000000,0.000000,0.000000,-1.000000,0.000000,0.000000,0.000000,0.000000,0.000000,0.000000,0.000000,0.000000,0.000000,0.000000,0.000000,0.000000,0.000000,0.000000,0.000000,0.000000,0.000000,0.000000,0.000000,0.000000,0.000000,0.000000,0.000000,0.000000,0.000000,0.000000,0.000000,0.000000,0.000000,0.000000,0.000000,0.000000,-0.469764,-0.680625,0.000000,0.000000,0.000000,0.000000,0.000000,0.000000,-0.059262,0.000000,0.000000,0.000000,0.000000,-0.677684,0.000000
345342968,0.000000,0.000000,0.000000,-0.280966,0.183594,0.000000,0.000000,0.000000,0.807256,0.000000,0.000000,0.582927,0.000000,0.000000,0.000000,0.000000,0.000000,0.000000,0.041603,0.000000,0.000000,0.000000,0.000000,0.000000,0.000000,0.000000,0.000000,0.000000,0.000000,0.000000,0.000000,-0.873813,0.000000,0.000000,0.000000,0.000000,1.000000,0.000000,0.000000,0.000000,0.000000,0.000000,0.000000,0.000000,-0.367128,0.000000,0.000000,0.000000,0.000000,0.000000,0.000000,0.000000,0.000000,0.000000,0.000000,0.000000,-0.280966,0.000000,0.000000,0.000000,0.000000,0.000000,-0.248139,0.000000,0.000000,0.000000,0.000000,0.000000,0.000000,0.000000,0.000000,0.000000,0.000000,1.000000,0.000000,0.000000,-0.446926,0.000000,0.000000,0.000000,-0.752786,-0.408933,0.000000,0.000000,0.000000,-0.612034,-0.328268,0.000000,0.000000,0.000000,0.000000,0.000000,0.000000,0.000000,0.000000,0.000000,0.000000,0.000000,0.000000,0.886936,0.000000,-0.966774,0.000000,0.000000,0.133187,0.000000,-0.446926,0.000000,0.000000,0.000000,0.552823,0.000000
